world: 63f23bc7-0dc0-43b0-926f-0f5850b069ac
world-name: world
x: -2308.3096089371584
y: 82.0
z: 515.7255066529035
yaw: 62.1751594543457
pitch: 12.000252723693848
name: bambuk
lastowner: fa4413a8-272a-38c1-bf53-93709c0ca228
