world: 63f23bc7-0dc0-43b0-926f-0f5850b069ac
world-name: world
x: -39.71937936071392
y: -14.9375
z: 1125.6518667578832
yaw: -29.728515625
pitch: 5.436288356781006
name: bigpeshera
lastowner: fa4413a8-272a-38c1-bf53-93709c0ca228
