world: 7e727197-042c-446e-938f-acf91849c355
world-name: world_nether
x: -373.1586006112533
y: 64.55321338701523
z: -58.07235899172554
yaw: 86.510986328125
pitch: 13.049840927124023
name: blazer
lastowner: fa4413a8-272a-38c1-bf53-93709c0ca228
