world: 63f23bc7-0dc0-43b0-926f-0f5850b069ac
world-name: world
x: -2657.387644603287
y: 72.0
z: -1136.0383063473912
yaw: 136.31488037109375
pitch: 10.539984703063965
name: grib
lastowner: fa4413a8-272a-38c1-bf53-93709c0ca228
