world: 63f23bc7-0dc0-43b0-926f-0f5850b069ac
world-name: world
x: 3665.2603933724
y: 61.98021060087946
z: 10270.890111216513
yaw: 76.7560043334961
pitch: 48.89996337890625
name: hram
lastowner: fa4413a8-272a-38c1-bf53-93709c0ca228
