world: 63f23bc7-0dc0-43b0-926f-0f5850b069ac
world-name: world
x: -1586.99540290491
y: 117.0
z: -5034.616269508764
yaw: 176.0269775390625
pitch: 29.406362533569336
name: mesa
lastowner: d4109c56-8cbe-3df5-ae61-3fd89cb70d41
