world: 63f23bc7-0dc0-43b0-926f-0f5850b069ac
world-name: world
x: -2203.654339469309
y: 68.0
z: 118.90679767532981
yaw: -44.88906478881836
pitch: 4.808258056640625
name: pchela
lastowner: fa4413a8-272a-38c1-bf53-93709c0ca228
