world: 63f23bc7-0dc0-43b0-926f-0f5850b069ac
world-name: world
x: -584.2441127684863
y: -1.0
z: 376.0470523273178
yaw: -6.891357421875
pitch: 5.399992942810059
name: peshera
lastowner: fa4413a8-272a-38c1-bf53-93709c0ca228
