world: 7e727197-042c-446e-938f-acf91849c355
world-name: world_nether
x: 505.9777637902236
y: 80.0
z: -191.68407058684943
yaw: 170.39698791503906
pitch: 13.200043678283691
name: piglin
lastowner: d4109c56-8cbe-3df5-ae61-3fd89cb70d41
