world: 63f23bc7-0dc0-43b0-926f-0f5850b069ac
world-name: world
x: -1673.9138907628455
y: 67.5
z: 2709.561908931038
yaw: 118.4691162109375
pitch: 13.650190353393555
name: portal
lastowner: fa4413a8-272a-38c1-bf53-93709c0ca228
