world: 63f23bc7-0dc0-43b0-926f-0f5850b069ac
world-name: world
x: -14089.300000011921
y: 12.0
z: 3492.4998739244415
yaw: 56.9871826171875
pitch: 32.1734733581543
name: warden
lastowner: 1ea3ad2b-74de-30ea-a2a0-0107c86aea46
