world: 63f23bc7-0dc0-43b0-926f-0f5850b069ac
world-name: world
x: -14201.574598349958
y: -45.0
z: 3455.300000011921
yaw: -2.952911376953125
pitch: 22.831172943115234
name: ward
lastowner: fa4413a8-272a-38c1-bf53-93709c0ca228
