world: 63f23bc7-0dc0-43b0-926f-0f5850b069ac
world-name: world
x: -3751.2009660726912
y: 136.0
z: 423.8808287002131
yaw: -171.95068359375
pitch: 28.2293758392334
name: wishnya
lastowner: 1ea3ad2b-74de-30ea-a2a0-0107c86aea46
